704445052152619008
2260898010
1242662852
2171461711
163562538
408907538
1746500526
30254984
2180564928
713078990098051072
1653631009
1637360557
2670551360
2329112529
1689666450
81846181
956569262
415975540
3128686243
189222550
4251271812
450980386
3054109706
1347503131
1452526459
480035382
531818639
153906019
503774748
4711602088
4563689481
865051783
4186767074
4336372456
381875785
2350717777
1455058758
983117149
1695394220
3494197455
3365000714
112261158
3318823015
3420277467
360998725
3331420803
631213439
3295892093
3149036753
2595421910
3305993848
2298388597
444306838
931158074
1074587707
3184806309
3158045482
1393498609
3130950257
525861448
47235265
381234852
803029068
3079580913
2810600219
382961390
2266178594
475509939
415769368
440416655
887102839
166366056
1012227896
1113512317
836776183
2536204717
496405735
432841232
915804031
477190554
995598578
260923209
2208164646
2254177826
407878934
85847650
1691939762
324358496
272759455
46016073
248083334
433809491
155026386
438831178
579677817
318543350
432084445
917137826
391367941
443182226
516866960
1404105774
252819439
30396741
2806888222
262322195
273937747
27464130
1575119143
414491337
55884772
503367170
774432450
315976284
2367408937
2740951458
374816671
1285047475
343826307
2431176319
2228810246
103596166
2635956484
316807412
2358087882
145801081
2243572311
1920582511
610026272
772166276
553937249
1905720626
2451026369
2447988669
118589064
963510150
1639227216
337500172
2353762308
406699527
71018958
602152171
509528212
460628178
1625421505
2326050350
2318908902
2260553451
446796483
2276211317
2275508794
2276610966
1516560134
2256688595
514954367
2273848352
2245323377
2237634893
2213321129
448359912
2196253505
731144892
544635165
1646465137
1798884721
543887769
619595265
69961098
1975666466
1330000081
2171002802
2165754674
963343902
2153771270
1105067089
1370891010
528748040
43443272
587771422
1640611418
1738523077
719357220
857421457
39054107
1733429994
490958190
857103366
1345101174
159080443
425175377
307379182
1626084470
606493486
531277016
534665821
744339319
112524548
425281620
60647412
299081911
275160831
364927221
299965124
365015161
235381993
383902682
260827333
781582478
336290050
385781204
1259780702
1287630590
1511088835
1512301615
583792176
488808394
519015959
1511061866
608852880
345724372
434509244
1457796571
1502378024
236996522
1101696630
345723065
1488742518
1458083274
842483815
381163280
1430229384
629516134
322900613
176887650
323520871
432736226
564067291
543154342
1395959222
352862360
1441329252
407997105
909488557
938349584
250919037
598851116
844433546
1043403368
1066627596
235380225
764122962
25619276
1025282606
352348201
516901533
1115397763
323055057
989131280
1101660511
1069629944
589169097
787168423
486561627
975110808
313611225
884535050
258612839
885577267
178119686
969152053
312399037
853201014
102185957
831982056
921853561
870965126
868290534
405863078
248311266
838284343
300458612
840930018
272245837
415930088
840755898
840191576
354709077
471229090
614000386
303808410
386684213
387463386
230312087
235611577
336629440
312230415
166391426
54249825
565915599
349935697
307103779
546914966
158464653
316695884
497943042
348161210
124861375
378885469
537752313
230185324
718560218
595739102
497651323
322262072
594827579
353080872
597741556
302308492
806642437
31000095
614796967
38008809
